1000000000000000000000000000000000000001111111111110000000000000000000000000000000000000000000000000
1000000000000000000000000000000000000001111111111110000000000000000000010000000000000000000000000000
1000000000000000000000000000000000000001111111111110000000000000000000010000000000000000000000000000
1000000000000000000000000000000000000001111111111110000000000000000000010000000000000000000000000000
1000000000000000000000000000000000000001111111111110000000000000000000010000000000000000000000000000
1000000000000000000000000000000000000001111111111110000000000000000000010000000000000000000000000000
1000000000000000000000000000000000000001111111111110000000000000000000010000000000000000000000000000
1000000000000000000000000000000000000001111111111110000000000000000000010000000000000000000000000000
1000000000000000000000000000000000000001111111111110000000000000000000010000000000000000000000000000
1000000000000000000000000000000000000001111111111110000000000000000000010000000000000000000000000000
1000000000000000000000000000000000000001111111111110000000000000000000010000000000000000000000000000
1000000000000000000000000000000000000001111111111110000000000000000000010000000000000000000000000000
1000000000000000000000000000000000000001111111111110000000000000000000010000000000000000000000000000
1000000000000000000000000000000000000001111111111110000000000000000000010000000000000000000000000000
1000000000000000000000000000000000000001111111111110000000000000000000010000000000000000000000000000
1000000000000000000000000000000000000001111111111110000000000000000000010000000000000000000000000000
1000000000000000000000000000000000000001111111111110000000000000000000010000000000000000000000000000
1000000000000000000000000000000000000001111111111110000000000000000000010000000000000000000000000000
1000000000000000000000000000000000000001111111111110000000000000000000010000000000000000000000000000
1000000000000000000000000000000000000001111111111110000000000000000000010000000000000000000000000000
1000000000000000000000000000000000000001111111111110000000000000000000010000000000000000000000000000
1000000000000000000000000000000000000001111111111110000000000000000000010000000000000000000000000000
1000000000000000000000000000000000000001111111111110000000000000000000010000000000000000000000000000
1000000000000000000000000000000000000001111111111110000000000000000000010000000000000000000000000000
1000000000000000000000000000000000000001111111111110000000000000000000010000000000000000000000000000
1000000000000000000000000000000000000001111111111110000000000000000000010000000000000000000000000000
1000000000000000000000000000000000000001111111111110000000000000000000010000000000000000000000000000
1000000000000000000000000000000000000001111111111110000000000000000000010000000000000000000000000000
1000000000000000000000000000000000000001111111111110000000000000000000010000000000000000000000000000
1000000000000000000000000000000000000001111111111110000000000000000000010000000000000000000000000000
1000000000000000000000000000000000000001111111111110000000000000000000010000000000000000000000000000
1000000000000000000000000000000000000001111111111110000000000000000000010000000000000000000000000000
1000000000000000000000000000000000000001111111111110000000000000000000010000000000000000000000000000
1000000000000000000000000000000000000001111111111110000000000000000000010000000000000000000000000000
1000000000000000000000000000000000000001111111111110000000000000000000010000000000000000000000000000
1000000000000000000000000000000000000001111111111110000000000000000000010000000000000000000000000000
1000000000000000000000000000000000000001111111111110000000000000000000010000000000000000000000000000
1000000000000000000000000000000000000001111111111110000000000000000000010000000000000000000000000000
1000000000000000000000000000000000000001111111111110000000000000000000010000000000000000000000000000
1000000000000000000000000000000000000001111111111110000000000000000000000000000000000000000000000000
1000000000000000000000000000000000000001111111111110000000000000000000000000000000000000000000000000
1000000000000000000000000000000000000001111111111110000000000000000000000000000000000000000000000000
1000000000000000000000000000000000000001111111111110000000000000000000000000000000000000000000000000
1000000000000000000000000000000000000001111111111110000000000000000000000000000000000000000000000000
1000000000000000000000000000000000000001111111111110000000000000000000000000000000000000000000000000
1000000000000000000000000000000000000001111111111110000000000000000000000000000000000000000000000000
1000000000000000000000000000000000000001111111111110000000000000000000000000000000000000000000000000
1000000000000000000000000000000000000001111111111110000000000000000000000000000000000000000000000000
1000000000000000000000000000000000000001111111111110000000000000000000000000000000000000000000000000
1000000000000000000000000000000000000001111111111110000000000000000000000000000000000000000000000000
1000000000000000000000000000000000000001111111111110000000000000000000000000000000000000000000000000
1000000000000000000000000000000000000001111111111110000000000000000000010000000000000000000000000000
1000000000000000000000000000000000000001111111111110000000000000000000010000000000000000000000000000
1000000000000000000000000000000000000001111111111110000000000000000000010000000000000000000000000000
1000000000000000000000000000000000000001111111111110000000000000000000010000000000000000000000000000
1000000000000000000000000000000000000001111111111110000000000000000000010000000000000000000000000000
1000000000000000000000000000000000000001111111111110000000000000000000010000000000000000000000000000
1000000000000000000000000000000000000001111111111110000000000000000000010000000000000000000000000000
1000000000000000000000000000000000000001111111111110000000000000000000010000000000000000000000000000
1000000000000000000000000000000000000001111111111110000000000000000000010000000000000000000000000000
1000000000000000000000000000000000000001111111111110000000000000000000010000000000000000000000000000
1000000000000000000000000000000000000001111111111110000000000000000000010000000000000000000000000000
1000000000000000000000000000000000000001111111111110000000000000000000010000000000000000000000000000
1000000000000000000000000000000000000001111111111110000000000000000000010000000000000000000000000000
1000000000000000000000000000000000000001111111111110000000000000000000010000000000000000000000000000
1000000000000000000000000000000000000001111111111110000000000000000000010000000000000000000000000000
1000000000000000000000000000000000000001111111111110000000000000000000010000000000000000000000000000
1000000000000000000000000000000000000001111111111110000000000000000000010000000000000000000000000000
1000000000000000000000000000000000000001111111111110000000000000000000010000000000000000000000000000
1000000000000000000000000000000000000001111111111110000000000000000000010000000000000000000000000000
1000000000000000000000000000000000000001111111111110000000000000000000010000000000001000000000000000
1000000000000000000000000000000000000001111111111110000000000000000000000000000000000000000000000000
1000000000000000000000000000000000000001111111111110000000000000000000010000000000000000000000000000
1000000000000000000000000000000000000001111111111110000000000000000000010000000000000000000000000000
1000000000000000000000000000000000000001111111111110000000000000000000010000000000000000000000000000
1000000000000000000000000000000000000001111111111110000000000000000000010000000000000000000000000000
1000000000000000000000000000000000000001111111111110000000000000000000010000000000000000000000000000
1000000000000000000000000000000000000001111111111110000000000000000000010000000000000000000000000000
1000000000000000000000000000000000000001111111111110000000000000000000010000000000000000000000000000
1000000000000000000000000000000000000001111111111110000000000000000000010000000000000000000000000000
1000000000000000000000000000000000000001111111111110000000000000000000010000000000000000000000000000
1000000000000000000000000000000000000001111111111110000000000000000000010000000000000000000000000000
1000000000000000000000000000000000000001111111111110000000000000000000010000000000000000000000000000
1000000000000000000000000000000000000001111111111110000000000000000000010000000000000000000000000000
1000000000000000000000000000000000000001111111111110000000000000000000010000000000000000000000000000
1000000000000000000000000000000000000001111111111110000000000000000000010000000000000000000000000000
1000000000000000000000000000000000000001111111111110000000000000000000010000000000000000000000000000
1000000000000000000000000000000000000001111111111110000000000000000000010000000000000000000000000000
1000000000000000000000000000000000000001111111111110000000000000000000010000000000000000000000000000
1000000000000000000000000000000000000001111111111110000000000000000000010000000000000000000000000000
1000000000000000000000000000000000000001111111111110000000000000000000010000000000000000000000000000
1000000000000000000000000000000000000001111111111110000000000000000000010000000000000000000000000000
1000000000000000000000000000000000000001111111111110000000000000000000010000000000000000000000000000
1000000000000000000000000000000000000001111111111110000000000000000000010000000000000000000000000000
1000000000000000000000000000000000000001111111111110000000000000000000010000000000000000000000000000
1000000000000000000000000000000000000001111111111110000000000000000000010000000000000000000000000000
1000000000000000000000000000000000000001111111111110000000000000000000010000000000000000000000000000
1000000000000000000000000000000000000001111111111110000000000000000000010000000000000000000000000000
1000000000000000000000000000000000000001111111111110000000000000000000010000000000000000000000000000
1000000000000000000000000000000000000001111111111110000000000000000000010000000000000000000000000000
